32315 27382 22869 23630 19805 20151 26661 30091 24717 18719 
30741 20395 29920 27177 22190 26353 39031 21494 33658 21467 
23375 18299 28842 27083 20109 15472 31904 24232 30111 19032 
32925 28987 28843 33454 23298 17822 32508 29630 29761 24175 
20529 18298 25514 23155 19963 14801 25059 20774 24413 17218 
31469 26172 26482 29021 21948 23983 33184 26463 27878 22908 
23237 21683 26350 23483 20273 18815 27778 19519 29751 12367 
40747 32051 35262 33102 26422 29473 44125 37335 39787 25470 
32268 26734 29342 26063 24063 18606 34111 35344 28753 24094 
23739 17754 25002 21746 18562 12185 28618 25702 26280 16681 
